10 10
7.52905 9.28279 0.28225 9.30684 7.52784 2.70581 7.5738 8.35354 0.0012339 9.42924 
8.88813 0.637851 7.15049 6.03053 7.17662 6.86454 2.01946 3.00648 9.9432 7.61381 
0.0624176 5.61728 0.346481 4.20005 3.22705 2.58218 7.3807 5.00619 2.40773 9.06335 
3.49135 9.93678 8.34614 3.7736 9.24361 5.87398 6.47941 6.81741 4.22752 6.48065 
6.24666 3.11566 7.1185 3.39714 9.14618 4.29511 0.261681 1.16564 7.30159 0.20488 
8.77945 7.36401 5.82216 9.12593 1.56405 9.04922 1.70811 8.94475 4.05541 4.11584 
8.0081 7.54676 4.05262 6.35424 1.32037 3.29623 2.22822 7.79978 0.113641 6.45574 
4.28042 6.3603 9.57139 1.39892 9.75744 8.71758 5.69403 0.0191187 9.88322 2.99562 
0.223999 8.66267 0.359631 6.04616 7.7886 1.92368 5.09538 9.49671 0.868434 9.15079 
3.61255 8.87653 6.69755 7.66516 5.23077 8.01792 0.961393 7.45899 5.8177 1.07503 
